[Variables]
ercf_calib_0 = 1.0
ercf_calib_1 = 0.991781159123
ercf_calib_2 = 0.996983945532
ercf_calib_3 = 1.000263497984
ercf_calib_4 = 0.983441472792
ercf_calib_5 = 1.0009219993
ercf_calib_ref = 1248.6
ercf_calib_version = 2

