[Variables]
ercf_calib_0 = 1.0
ercf_calib_1 = 0.980271126329
ercf_calib_2 = 0.985034348517
ercf_calib_3 = 0.9741473759
ercf_calib_4 = 0.985034348517
ercf_calib_5 = 0.974615715985
ercf_calib_ref = 1513.1
ercf_calib_version = 2

