[Variables]
ercf_calib_0 = 1.0
ercf_calib_1 = 0.9741473759
ercf_calib_2 = 0.973212044766
ercf_calib_3 = 0.977906748311
ercf_calib_4 = 0.97367948571
ercf_calib_5 = 0.972278508033
ercf_calib_ref = 1602.2
ercf_calib_version = 2

